[-1000, -1000, 128, 128]
0
[-872, -1000, 128, 128]
0
[-744, -1000, 128, 128]
0
[-616, -1000, 128, 128]
0
[-488, -1000, 128, 128]
0
[-360, -1000, 128, 128]
0
[-232, -1000, 128, 128]
0
[-104, -1000, 128, 128]
0
[24, -1000, 128, 128]
0
[152, -1000, 128, 128]
0
[280, -1000, 128, 128]
0
[408, -1000, 128, 128]
0
[536, -1000, 128, 128]
0
[664, -1000, 128, 128]
0
[792, -1000, 128, 128]
0
[920, -1000, 128, 128]
0
[1048, -1000, 128, 128]
0
[1176, -1000, 128, 128]
0
[1304, -1000, 128, 128]
0
[1432, -1000, 128, 128]
0
[1560, -1000, 128, 128]
0
[1688, -1000, 128, 128]
0
[1816, -1000, 128, 128]
0
[1944, -1000, 128, 128]
0
[2072, -1000, 128, 128]
0
[2200, -1000, 128, 128]
0
[2328, -1000, 128, 128]
0
[2456, -1000, 128, 128]
0
[2584, -1000, 128, 128]
0
[2712, -1000, 128, 128]
0
[-1000, -872, 128, 128]
0
[-872, -872, 128, 128]
0
[-744, -872, 128, 128]
0
[-616, -872, 128, 128]
0
[-488, -872, 128, 128]
0
[-360, -872, 128, 128]
0
[-232, -872, 128, 128]
0
[-104, -872, 128, 128]
0
[24, -872, 128, 128]
0
[152, -872, 128, 128]
0
[280, -872, 128, 128]
0
[408, -872, 128, 128]
0
[536, -872, 128, 128]
0
[664, -872, 128, 128]
0
[792, -872, 128, 128]
0
[920, -872, 128, 128]
0
[1048, -872, 128, 128]
0
[1176, -872, 128, 128]
0
[1304, -872, 128, 128]
0
[1432, -872, 128, 128]
0
[1560, -872, 128, 128]
0
[1688, -872, 128, 128]
0
[1816, -872, 128, 128]
0
[1944, -872, 128, 128]
0
[2072, -872, 128, 128]
0
[2200, -872, 128, 128]
0
[2328, -872, 128, 128]
0
[2456, -872, 128, 128]
0
[2584, -872, 128, 128]
0
[2712, -872, 128, 128]
0
[-1000, -744, 128, 128]
0
[-872, -744, 128, 128]
0
[-744, -744, 128, 128]
0
[-616, -744, 128, 128]
0
[-488, -744, 128, 128]
0
[-360, -744, 128, 128]
0
[-232, -744, 128, 128]
0
[-104, -744, 128, 128]
1
[24, -744, 128, 128]
2
[152, -744, 128, 128]
2
[280, -744, 128, 128]
2
[408, -744, 128, 128]
2
[536, -744, 128, 128]
2
[664, -744, 128, 128]
2
[792, -744, 128, 128]
2
[920, -744, 128, 128]
2
[1048, -744, 128, 128]
2
[1176, -744, 128, 128]
2
[1304, -744, 128, 128]
2
[1432, -744, 128, 128]
2
[1560, -744, 128, 128]
2
[1688, -744, 128, 128]
2
[1816, -744, 128, 128]
3
[1944, -744, 128, 128]
0
[2072, -744, 128, 128]
0
[2200, -744, 128, 128]
0
[2328, -744, 128, 128]
0
[2456, -744, 128, 128]
0
[2584, -744, 128, 128]
0
[2712, -744, 128, 128]
0
[-1000, -616, 128, 128]
0
[-872, -616, 128, 128]
0
[-744, -616, 128, 128]
0
[-616, -616, 128, 128]
0
[-488, -616, 128, 128]
0
[-360, -616, 128, 128]
0
[-232, -616, 128, 128]
0
[-104, -616, 128, 128]
4
[24, -616, 128, 128]
5
[152, -616, 128, 128]
5
[280, -616, 128, 128]
5
[408, -616, 128, 128]
5
[536, -616, 128, 128]
5
[664, -616, 128, 128]
5
[792, -616, 128, 128]
5
[920, -616, 128, 128]
5
[1048, -616, 128, 128]
5
[1176, -616, 128, 128]
5
[1304, -616, 128, 128]
5
[1432, -616, 128, 128]
5
[1560, -616, 128, 128]
5
[1688, -616, 128, 128]
5
[1816, -616, 128, 128]
6
[1944, -616, 128, 128]
0
[2072, -616, 128, 128]
0
[2200, -616, 128, 128]
0
[2328, -616, 128, 128]
0
[2456, -616, 128, 128]
0
[2584, -616, 128, 128]
0
[2712, -616, 128, 128]
0
[-1000, -488, 128, 128]
0
[-872, -488, 128, 128]
0
[-744, -488, 128, 128]
0
[-616, -488, 128, 128]
0
[-488, -488, 128, 128]
0
[-360, -488, 128, 128]
0
[-232, -488, 128, 128]
0
[-104, -488, 128, 128]
4
[24, -488, 128, 128]
5
[152, -488, 128, 128]
5
[280, -488, 128, 128]
5
[408, -488, 128, 128]
5
[536, -488, 128, 128]
5
[664, -488, 128, 128]
5
[792, -488, 128, 128]
5
[920, -488, 128, 128]
5
[1048, -488, 128, 128]
5
[1176, -488, 128, 128]
5
[1304, -488, 128, 128]
5
[1432, -488, 128, 128]
5
[1560, -488, 128, 128]
5
[1688, -488, 128, 128]
5
[1816, -488, 128, 128]
6
[1944, -488, 128, 128]
0
[2072, -488, 128, 128]
0
[2200, -488, 128, 128]
0
[2328, -488, 128, 128]
0
[2456, -488, 128, 128]
0
[2584, -488, 128, 128]
0
[2712, -488, 128, 128]
0
[-1000, -360, 128, 128]
0
[-872, -360, 128, 128]
0
[-744, -360, 128, 128]
0
[-616, -360, 128, 128]
0
[-488, -360, 128, 128]
0
[-360, -360, 128, 128]
0
[-232, -360, 128, 128]
0
[-104, -360, 128, 128]
4
[24, -360, 128, 128]
5
[152, -360, 128, 128]
5
[280, -360, 128, 128]
5
[408, -360, 128, 128]
5
[536, -360, 128, 128]
5
[664, -360, 128, 128]
5
[792, -360, 128, 128]
5
[920, -360, 128, 128]
5
[1048, -360, 128, 128]
5
[1176, -360, 128, 128]
5
[1304, -360, 128, 128]
5
[1432, -360, 128, 128]
5
[1560, -360, 128, 128]
5
[1688, -360, 128, 128]
5
[1816, -360, 128, 128]
6
[1944, -360, 128, 128]
0
[2072, -360, 128, 128]
0
[2200, -360, 128, 128]
0
[2328, -360, 128, 128]
0
[2456, -360, 128, 128]
0
[2584, -360, 128, 128]
0
[2712, -360, 128, 128]
0
[-1000, -232, 128, 128]
0
[-872, -232, 128, 128]
0
[-744, -232, 128, 128]
0
[-616, -232, 128, 128]
0
[-488, -232, 128, 128]
0
[-360, -232, 128, 128]
0
[-232, -232, 128, 128]
0
[-104, -232, 128, 128]
4
[24, -232, 128, 128]
5
[152, -232, 128, 128]
5
[280, -232, 128, 128]
5
[408, -232, 128, 128]
5
[536, -232, 128, 128]
5
[664, -232, 128, 128]
5
[792, -232, 128, 128]
5
[920, -232, 128, 128]
5
[1048, -232, 128, 128]
5
[1176, -232, 128, 128]
5
[1304, -232, 128, 128]
5
[1432, -232, 128, 128]
5
[1560, -232, 128, 128]
5
[1688, -232, 128, 128]
5
[1816, -232, 128, 128]
6
[1944, -232, 128, 128]
0
[2072, -232, 128, 128]
0
[2200, -232, 128, 128]
0
[2328, -232, 128, 128]
0
[2456, -232, 128, 128]
0
[2584, -232, 128, 128]
0
[2712, -232, 128, 128]
0
[-1000, -104, 128, 128]
0
[-872, -104, 128, 128]
0
[-744, -104, 128, 128]
0
[-616, -104, 128, 128]
0
[-488, -104, 128, 128]
0
[-360, -104, 128, 128]
0
[-232, -104, 128, 128]
0
[-104, -104, 128, 128]
4
[24, -104, 128, 128]
5
[152, -104, 128, 128]
5
[280, -104, 128, 128]
5
[408, -104, 128, 128]
5
[536, -104, 128, 128]
5
[664, -104, 128, 128]
5
[792, -104, 128, 128]
5
[920, -104, 128, 128]
5
[1048, -104, 128, 128]
5
[1176, -104, 128, 128]
5
[1304, -104, 128, 128]
5
[1432, -104, 128, 128]
5
[1560, -104, 128, 128]
5
[1688, -104, 128, 128]
5
[1816, -104, 128, 128]
6
[1944, -104, 128, 128]
0
[2072, -104, 128, 128]
0
[2200, -104, 128, 128]
0
[2328, -104, 128, 128]
0
[2456, -104, 128, 128]
0
[2584, -104, 128, 128]
0
[2712, -104, 128, 128]
0
[-1000, 24, 128, 128]
0
[-872, 24, 128, 128]
0
[-744, 24, 128, 128]
0
[-616, 24, 128, 128]
0
[-488, 24, 128, 128]
0
[-360, 24, 128, 128]
0
[-232, 24, 128, 128]
0
[-104, 24, 128, 128]
4
[24, 24, 128, 128]
5
[152, 24, 128, 128]
5
[280, 24, 128, 128]
5
[408, 24, 128, 128]
5
[536, 24, 128, 128]
5
[664, 24, 128, 128]
5
[792, 24, 128, 128]
5
[920, 24, 128, 128]
5
[1048, 24, 128, 128]
5
[1176, 24, 128, 128]
5
[1304, 24, 128, 128]
5
[1432, 24, 128, 128]
5
[1560, 24, 128, 128]
5
[1688, 24, 128, 128]
5
[1816, 24, 128, 128]
6
[1944, 24, 128, 128]
0
[2072, 24, 128, 128]
0
[2200, 24, 128, 128]
0
[2328, 24, 128, 128]
0
[2456, 24, 128, 128]
0
[2584, 24, 128, 128]
0
[2712, 24, 128, 128]
0
[-1000, 152, 128, 128]
0
[-872, 152, 128, 128]
0
[-744, 152, 128, 128]
0
[-616, 152, 128, 128]
0
[-488, 152, 128, 128]
0
[-360, 152, 128, 128]
0
[-232, 152, 128, 128]
0
[-104, 152, 128, 128]
4
[24, 152, 128, 128]
5
[152, 152, 128, 128]
5
[280, 152, 128, 128]
5
[408, 152, 128, 128]
5
[536, 152, 128, 128]
5
[664, 152, 128, 128]
5
[792, 152, 128, 128]
5
[920, 152, 128, 128]
5
[1048, 152, 128, 128]
5
[1176, 152, 128, 128]
5
[1304, 152, 128, 128]
5
[1432, 152, 128, 128]
5
[1560, 152, 128, 128]
5
[1688, 152, 128, 128]
5
[1816, 152, 128, 128]
6
[1944, 152, 128, 128]
0
[2072, 152, 128, 128]
0
[2200, 152, 128, 128]
0
[2328, 152, 128, 128]
0
[2456, 152, 128, 128]
0
[2584, 152, 128, 128]
0
[2712, 152, 128, 128]
0
[-1000, 280, 128, 128]
0
[-872, 280, 128, 128]
0
[-744, 280, 128, 128]
0
[-616, 280, 128, 128]
0
[-488, 280, 128, 128]
0
[-360, 280, 128, 128]
0
[-232, 280, 128, 128]
0
[-104, 280, 128, 128]
4
[24, 280, 128, 128]
5
[152, 280, 128, 128]
5
[280, 280, 128, 128]
5
[408, 280, 128, 128]
5
[536, 280, 128, 128]
5
[664, 280, 128, 128]
5
[792, 280, 128, 128]
5
[920, 280, 128, 128]
5
[1048, 280, 128, 128]
5
[1176, 280, 128, 128]
5
[1304, 280, 128, 128]
5
[1432, 280, 128, 128]
5
[1560, 280, 128, 128]
5
[1688, 280, 128, 128]
5
[1816, 280, 128, 128]
6
[1944, 280, 128, 128]
0
[2072, 280, 128, 128]
0
[2200, 280, 128, 128]
0
[2328, 280, 128, 128]
0
[2456, 280, 128, 128]
0
[2584, 280, 128, 128]
0
[2712, 280, 128, 128]
0
[-1000, 408, 128, 128]
0
[-872, 408, 128, 128]
0
[-744, 408, 128, 128]
0
[-616, 408, 128, 128]
0
[-488, 408, 128, 128]
0
[-360, 408, 128, 128]
0
[-232, 408, 128, 128]
0
[-104, 408, 128, 128]
4
[24, 408, 128, 128]
5
[152, 408, 128, 128]
5
[280, 408, 128, 128]
5
[408, 408, 128, 128]
5
[536, 408, 128, 128]
5
[664, 408, 128, 128]
5
[792, 408, 128, 128]
5
[920, 408, 128, 128]
5
[1048, 408, 128, 128]
5
[1176, 408, 128, 128]
5
[1304, 408, 128, 128]
5
[1432, 408, 128, 128]
5
[1560, 408, 128, 128]
5
[1688, 408, 128, 128]
5
[1816, 408, 128, 128]
6
[1944, 408, 128, 128]
0
[2072, 408, 128, 128]
0
[2200, 408, 128, 128]
0
[2328, 408, 128, 128]
0
[2456, 408, 128, 128]
0
[2584, 408, 128, 128]
0
[2712, 408, 128, 128]
0
[-1000, 536, 128, 128]
0
[-872, 536, 128, 128]
0
[-744, 536, 128, 128]
0
[-616, 536, 128, 128]
0
[-488, 536, 128, 128]
0
[-360, 536, 128, 128]
0
[-232, 536, 128, 128]
0
[-104, 536, 128, 128]
4
[24, 536, 128, 128]
5
[152, 536, 128, 128]
5
[280, 536, 128, 128]
5
[408, 536, 128, 128]
5
[536, 536, 128, 128]
5
[664, 536, 128, 128]
5
[792, 536, 128, 128]
5
[920, 536, 128, 128]
5
[1048, 536, 128, 128]
5
[1176, 536, 128, 128]
5
[1304, 536, 128, 128]
5
[1432, 536, 128, 128]
5
[1560, 536, 128, 128]
5
[1688, 536, 128, 128]
5
[1816, 536, 128, 128]
6
[1944, 536, 128, 128]
0
[2072, 536, 128, 128]
0
[2200, 536, 128, 128]
0
[2328, 536, 128, 128]
0
[2456, 536, 128, 128]
0
[2584, 536, 128, 128]
0
[2712, 536, 128, 128]
0
[-1000, 664, 128, 128]
0
[-872, 664, 128, 128]
0
[-744, 664, 128, 128]
0
[-616, 664, 128, 128]
0
[-488, 664, 128, 128]
0
[-360, 664, 128, 128]
0
[-232, 664, 128, 128]
0
[-104, 664, 128, 128]
4
[24, 664, 128, 128]
5
[152, 664, 128, 128]
5
[280, 664, 128, 128]
5
[408, 664, 128, 128]
5
[536, 664, 128, 128]
5
[664, 664, 128, 128]
5
[792, 664, 128, 128]
5
[920, 664, 128, 128]
5
[1048, 664, 128, 128]
5
[1176, 664, 128, 128]
5
[1304, 664, 128, 128]
5
[1432, 664, 128, 128]
5
[1560, 664, 128, 128]
5
[1688, 664, 128, 128]
5
[1816, 664, 128, 128]
6
[1944, 664, 128, 128]
0
[2072, 664, 128, 128]
0
[2200, 664, 128, 128]
0
[2328, 664, 128, 128]
0
[2456, 664, 128, 128]
0
[2584, 664, 128, 128]
0
[2712, 664, 128, 128]
0
[-1000, 792, 128, 128]
0
[-872, 792, 128, 128]
0
[-744, 792, 128, 128]
0
[-616, 792, 128, 128]
0
[-488, 792, 128, 128]
0
[-360, 792, 128, 128]
0
[-232, 792, 128, 128]
0
[-104, 792, 128, 128]
4
[24, 792, 128, 128]
5
[152, 792, 128, 128]
5
[280, 792, 128, 128]
5
[408, 792, 128, 128]
5
[536, 792, 128, 128]
5
[664, 792, 128, 128]
5
[792, 792, 128, 128]
5
[920, 792, 128, 128]
5
[1048, 792, 128, 128]
5
[1176, 792, 128, 128]
5
[1304, 792, 128, 128]
5
[1432, 792, 128, 128]
5
[1560, 792, 128, 128]
5
[1688, 792, 128, 128]
5
[1816, 792, 128, 128]
6
[1944, 792, 128, 128]
0
[2072, 792, 128, 128]
0
[2200, 792, 128, 128]
0
[2328, 792, 128, 128]
0
[2456, 792, 128, 128]
0
[2584, 792, 128, 128]
0
[2712, 792, 128, 128]
0
[-1000, 920, 128, 128]
0
[-872, 920, 128, 128]
0
[-744, 920, 128, 128]
0
[-616, 920, 128, 128]
0
[-488, 920, 128, 128]
0
[-360, 920, 128, 128]
0
[-232, 920, 128, 128]
0
[-104, 920, 128, 128]
4
[24, 920, 128, 128]
5
[152, 920, 128, 128]
5
[280, 920, 128, 128]
5
[408, 920, 128, 128]
5
[536, 920, 128, 128]
5
[664, 920, 128, 128]
5
[792, 920, 128, 128]
5
[920, 920, 128, 128]
5
[1048, 920, 128, 128]
5
[1176, 920, 128, 128]
5
[1304, 920, 128, 128]
5
[1432, 920, 128, 128]
5
[1560, 920, 128, 128]
5
[1688, 920, 128, 128]
5
[1816, 920, 128, 128]
6
[1944, 920, 128, 128]
0
[2072, 920, 128, 128]
0
[2200, 920, 128, 128]
0
[2328, 920, 128, 128]
0
[2456, 920, 128, 128]
0
[2584, 920, 128, 128]
0
[2712, 920, 128, 128]
0
[-1000, 1048, 128, 128]
0
[-872, 1048, 128, 128]
0
[-744, 1048, 128, 128]
0
[-616, 1048, 128, 128]
0
[-488, 1048, 128, 128]
0
[-360, 1048, 128, 128]
0
[-232, 1048, 128, 128]
0
[-104, 1048, 128, 128]
4
[24, 1048, 128, 128]
5
[152, 1048, 128, 128]
5
[280, 1048, 128, 128]
5
[408, 1048, 128, 128]
5
[536, 1048, 128, 128]
5
[664, 1048, 128, 128]
5
[792, 1048, 128, 128]
5
[920, 1048, 128, 128]
5
[1048, 1048, 128, 128]
5
[1176, 1048, 128, 128]
5
[1304, 1048, 128, 128]
5
[1432, 1048, 128, 128]
5
[1560, 1048, 128, 128]
5
[1688, 1048, 128, 128]
5
[1816, 1048, 128, 128]
6
[1944, 1048, 128, 128]
0
[2072, 1048, 128, 128]
0
[2200, 1048, 128, 128]
0
[2328, 1048, 128, 128]
0
[2456, 1048, 128, 128]
0
[2584, 1048, 128, 128]
0
[2712, 1048, 128, 128]
0
[-1000, 1176, 128, 128]
0
[-872, 1176, 128, 128]
0
[-744, 1176, 128, 128]
0
[-616, 1176, 128, 128]
0
[-488, 1176, 128, 128]
0
[-360, 1176, 128, 128]
0
[-232, 1176, 128, 128]
0
[-104, 1176, 128, 128]
4
[24, 1176, 128, 128]
5
[152, 1176, 128, 128]
5
[280, 1176, 128, 128]
5
[408, 1176, 128, 128]
5
[536, 1176, 128, 128]
5
[664, 1176, 128, 128]
5
[792, 1176, 128, 128]
5
[920, 1176, 128, 128]
5
[1048, 1176, 128, 128]
5
[1176, 1176, 128, 128]
5
[1304, 1176, 128, 128]
5
[1432, 1176, 128, 128]
5
[1560, 1176, 128, 128]
5
[1688, 1176, 128, 128]
5
[1816, 1176, 128, 128]
6
[1944, 1176, 128, 128]
0
[2072, 1176, 128, 128]
0
[2200, 1176, 128, 128]
0
[2328, 1176, 128, 128]
0
[2456, 1176, 128, 128]
0
[2584, 1176, 128, 128]
0
[2712, 1176, 128, 128]
0
[-1000, 1304, 128, 128]
0
[-872, 1304, 128, 128]
0
[-744, 1304, 128, 128]
0
[-616, 1304, 128, 128]
0
[-488, 1304, 128, 128]
0
[-360, 1304, 128, 128]
0
[-232, 1304, 128, 128]
0
[-104, 1304, 128, 128]
4
[24, 1304, 128, 128]
5
[152, 1304, 128, 128]
5
[280, 1304, 128, 128]
5
[408, 1304, 128, 128]
5
[536, 1304, 128, 128]
5
[664, 1304, 128, 128]
5
[792, 1304, 128, 128]
5
[920, 1304, 128, 128]
5
[1048, 1304, 128, 128]
5
[1176, 1304, 128, 128]
5
[1304, 1304, 128, 128]
5
[1432, 1304, 128, 128]
5
[1560, 1304, 128, 128]
5
[1688, 1304, 128, 128]
5
[1816, 1304, 128, 128]
6
[1944, 1304, 128, 128]
0
[2072, 1304, 128, 128]
0
[2200, 1304, 128, 128]
0
[2328, 1304, 128, 128]
0
[2456, 1304, 128, 128]
0
[2584, 1304, 128, 128]
0
[2712, 1304, 128, 128]
0
[-1000, 1432, 128, 128]
0
[-872, 1432, 128, 128]
0
[-744, 1432, 128, 128]
0
[-616, 1432, 128, 128]
0
[-488, 1432, 128, 128]
0
[-360, 1432, 128, 128]
0
[-232, 1432, 128, 128]
0
[-104, 1432, 128, 128]
4
[24, 1432, 128, 128]
5
[152, 1432, 128, 128]
5
[280, 1432, 128, 128]
5
[408, 1432, 128, 128]
5
[536, 1432, 128, 128]
5
[664, 1432, 128, 128]
5
[792, 1432, 128, 128]
5
[920, 1432, 128, 128]
5
[1048, 1432, 128, 128]
5
[1176, 1432, 128, 128]
5
[1304, 1432, 128, 128]
5
[1432, 1432, 128, 128]
5
[1560, 1432, 128, 128]
5
[1688, 1432, 128, 128]
5
[1816, 1432, 128, 128]
6
[1944, 1432, 128, 128]
0
[2072, 1432, 128, 128]
0
[2200, 1432, 128, 128]
0
[2328, 1432, 128, 128]
0
[2456, 1432, 128, 128]
0
[2584, 1432, 128, 128]
0
[2712, 1432, 128, 128]
0
[-1000, 1560, 128, 128]
0
[-872, 1560, 128, 128]
0
[-744, 1560, 128, 128]
0
[-616, 1560, 128, 128]
0
[-488, 1560, 128, 128]
0
[-360, 1560, 128, 128]
0
[-232, 1560, 128, 128]
0
[-104, 1560, 128, 128]
4
[24, 1560, 128, 128]
5
[152, 1560, 128, 128]
5
[280, 1560, 128, 128]
5
[408, 1560, 128, 128]
5
[536, 1560, 128, 128]
5
[664, 1560, 128, 128]
5
[792, 1560, 128, 128]
5
[920, 1560, 128, 128]
5
[1048, 1560, 128, 128]
5
[1176, 1560, 128, 128]
5
[1304, 1560, 128, 128]
5
[1432, 1560, 128, 128]
5
[1560, 1560, 128, 128]
5
[1688, 1560, 128, 128]
5
[1816, 1560, 128, 128]
6
[1944, 1560, 128, 128]
0
[2072, 1560, 128, 128]
0
[2200, 1560, 128, 128]
0
[2328, 1560, 128, 128]
0
[2456, 1560, 128, 128]
0
[2584, 1560, 128, 128]
0
[2712, 1560, 128, 128]
0
[-1000, 1688, 128, 128]
0
[-872, 1688, 128, 128]
0
[-744, 1688, 128, 128]
0
[-616, 1688, 128, 128]
0
[-488, 1688, 128, 128]
0
[-360, 1688, 128, 128]
0
[-232, 1688, 128, 128]
0
[-104, 1688, 128, 128]
4
[24, 1688, 128, 128]
5
[152, 1688, 128, 128]
5
[280, 1688, 128, 128]
5
[408, 1688, 128, 128]
5
[536, 1688, 128, 128]
5
[664, 1688, 128, 128]
5
[792, 1688, 128, 128]
5
[920, 1688, 128, 128]
5
[1048, 1688, 128, 128]
5
[1176, 1688, 128, 128]
5
[1304, 1688, 128, 128]
5
[1432, 1688, 128, 128]
5
[1560, 1688, 128, 128]
5
[1688, 1688, 128, 128]
5
[1816, 1688, 128, 128]
6
[1944, 1688, 128, 128]
0
[2072, 1688, 128, 128]
0
[2200, 1688, 128, 128]
0
[2328, 1688, 128, 128]
0
[2456, 1688, 128, 128]
0
[2584, 1688, 128, 128]
0
[2712, 1688, 128, 128]
0
[-1000, 1816, 128, 128]
0
[-872, 1816, 128, 128]
0
[-744, 1816, 128, 128]
0
[-616, 1816, 128, 128]
0
[-488, 1816, 128, 128]
0
[-360, 1816, 128, 128]
0
[-232, 1816, 128, 128]
0
[-104, 1816, 128, 128]
7
[24, 1816, 128, 128]
8
[152, 1816, 128, 128]
8
[280, 1816, 128, 128]
8
[408, 1816, 128, 128]
8
[536, 1816, 128, 128]
8
[664, 1816, 128, 128]
8
[792, 1816, 128, 128]
8
[920, 1816, 128, 128]
8
[1048, 1816, 128, 128]
8
[1176, 1816, 128, 128]
8
[1304, 1816, 128, 128]
8
[1432, 1816, 128, 128]
8
[1560, 1816, 128, 128]
8
[1688, 1816, 128, 128]
8
[1816, 1816, 128, 128]
9
[1944, 1816, 128, 128]
0
[2072, 1816, 128, 128]
0
[2200, 1816, 128, 128]
0
[2328, 1816, 128, 128]
0
[2456, 1816, 128, 128]
0
[2584, 1816, 128, 128]
0
[2712, 1816, 128, 128]
0
[-1000, 1944, 128, 128]
0
[-872, 1944, 128, 128]
0
[-744, 1944, 128, 128]
0
[-616, 1944, 128, 128]
0
[-488, 1944, 128, 128]
0
[-360, 1944, 128, 128]
0
[-232, 1944, 128, 128]
0
[-104, 1944, 128, 128]
0
[24, 1944, 128, 128]
0
[152, 1944, 128, 128]
0
[280, 1944, 128, 128]
0
[408, 1944, 128, 128]
0
[536, 1944, 128, 128]
0
[664, 1944, 128, 128]
0
[792, 1944, 128, 128]
0
[920, 1944, 128, 128]
0
[1048, 1944, 128, 128]
0
[1176, 1944, 128, 128]
0
[1304, 1944, 128, 128]
0
[1432, 1944, 128, 128]
0
[1560, 1944, 128, 128]
0
[1688, 1944, 128, 128]
0
[1816, 1944, 128, 128]
0
[1944, 1944, 128, 128]
0
[2072, 1944, 128, 128]
0
[2200, 1944, 128, 128]
0
[2328, 1944, 128, 128]
0
[2456, 1944, 128, 128]
0
[2584, 1944, 128, 128]
0
[2712, 1944, 128, 128]
0
[-1000, 2072, 128, 128]
0
[-872, 2072, 128, 128]
0
[-744, 2072, 128, 128]
0
[-616, 2072, 128, 128]
0
[-488, 2072, 128, 128]
0
[-360, 2072, 128, 128]
0
[-232, 2072, 128, 128]
0
[-104, 2072, 128, 128]
0
[24, 2072, 128, 128]
0
[152, 2072, 128, 128]
0
[280, 2072, 128, 128]
0
[408, 2072, 128, 128]
0
[536, 2072, 128, 128]
0
[664, 2072, 128, 128]
0
[792, 2072, 128, 128]
0
[920, 2072, 128, 128]
0
[1048, 2072, 128, 128]
0
[1176, 2072, 128, 128]
0
[1304, 2072, 128, 128]
0
[1432, 2072, 128, 128]
0
[1560, 2072, 128, 128]
0
[1688, 2072, 128, 128]
0
[1816, 2072, 128, 128]
0
[1944, 2072, 128, 128]
0
[2072, 2072, 128, 128]
0
[2200, 2072, 128, 128]
0
[2328, 2072, 128, 128]
0
[2456, 2072, 128, 128]
0
[2584, 2072, 128, 128]
0
[2712, 2072, 128, 128]
0
[-1000, 2200, 128, 128]
0
[-872, 2200, 128, 128]
0
[-744, 2200, 128, 128]
0
[-616, 2200, 128, 128]
0
[-488, 2200, 128, 128]
0
[-360, 2200, 128, 128]
0
[-232, 2200, 128, 128]
0
[-104, 2200, 128, 128]
0
[24, 2200, 128, 128]
0
[152, 2200, 128, 128]
0
[280, 2200, 128, 128]
0
[408, 2200, 128, 128]
0
[536, 2200, 128, 128]
0
[664, 2200, 128, 128]
0
[792, 2200, 128, 128]
0
[920, 2200, 128, 128]
0
[1048, 2200, 128, 128]
0
[1176, 2200, 128, 128]
0
[1304, 2200, 128, 128]
0
[1432, 2200, 128, 128]
0
[1560, 2200, 128, 128]
0
[1688, 2200, 128, 128]
0
[1816, 2200, 128, 128]
0
[1944, 2200, 128, 128]
0
[2072, 2200, 128, 128]
0
[2200, 2200, 128, 128]
0
[2328, 2200, 128, 128]
0
[2456, 2200, 128, 128]
0
[2584, 2200, 128, 128]
0
[2712, 2200, 128, 128]
0
[-1000, 2328, 128, 128]
0
[-872, 2328, 128, 128]
0
[-744, 2328, 128, 128]
0
[-616, 2328, 128, 128]
0
[-488, 2328, 128, 128]
0
[-360, 2328, 128, 128]
0
[-232, 2328, 128, 128]
0
[-104, 2328, 128, 128]
0
[24, 2328, 128, 128]
0
[152, 2328, 128, 128]
0
[280, 2328, 128, 128]
0
[408, 2328, 128, 128]
0
[536, 2328, 128, 128]
0
[664, 2328, 128, 128]
0
[792, 2328, 128, 128]
0
[920, 2328, 128, 128]
0
[1048, 2328, 128, 128]
0
[1176, 2328, 128, 128]
0
[1304, 2328, 128, 128]
0
[1432, 2328, 128, 128]
0
[1560, 2328, 128, 128]
0
[1688, 2328, 128, 128]
0
[1816, 2328, 128, 128]
0
[1944, 2328, 128, 128]
0
[2072, 2328, 128, 128]
0
[2200, 2328, 128, 128]
0
[2328, 2328, 128, 128]
0
[2456, 2328, 128, 128]
0
[2584, 2328, 128, 128]
0
[2712, 2328, 128, 128]
0
[-1000, 2456, 128, 128]
0
[-872, 2456, 128, 128]
0
[-744, 2456, 128, 128]
0
[-616, 2456, 128, 128]
0
[-488, 2456, 128, 128]
0
[-360, 2456, 128, 128]
0
[-232, 2456, 128, 128]
0
[-104, 2456, 128, 128]
0
[24, 2456, 128, 128]
0
[152, 2456, 128, 128]
0
[280, 2456, 128, 128]
0
[408, 2456, 128, 128]
0
[536, 2456, 128, 128]
0
[664, 2456, 128, 128]
0
[792, 2456, 128, 128]
0
[920, 2456, 128, 128]
0
[1048, 2456, 128, 128]
0
[1176, 2456, 128, 128]
0
[1304, 2456, 128, 128]
0
[1432, 2456, 128, 128]
0
[1560, 2456, 128, 128]
0
[1688, 2456, 128, 128]
0
[1816, 2456, 128, 128]
0
[1944, 2456, 128, 128]
0
[2072, 2456, 128, 128]
0
[2200, 2456, 128, 128]
0
[2328, 2456, 128, 128]
0
[2456, 2456, 128, 128]
0
[2584, 2456, 128, 128]
0
[2712, 2456, 128, 128]
0
[-1000, 2584, 128, 128]
0
[-872, 2584, 128, 128]
0
[-744, 2584, 128, 128]
0
[-616, 2584, 128, 128]
0
[-488, 2584, 128, 128]
0
[-360, 2584, 128, 128]
0
[-232, 2584, 128, 128]
0
[-104, 2584, 128, 128]
0
[24, 2584, 128, 128]
0
[152, 2584, 128, 128]
0
[280, 2584, 128, 128]
0
[408, 2584, 128, 128]
0
[536, 2584, 128, 128]
0
[664, 2584, 128, 128]
0
[792, 2584, 128, 128]
0
[920, 2584, 128, 128]
0
[1048, 2584, 128, 128]
0
[1176, 2584, 128, 128]
0
[1304, 2584, 128, 128]
0
[1432, 2584, 128, 128]
0
[1560, 2584, 128, 128]
0
[1688, 2584, 128, 128]
0
[1816, 2584, 128, 128]
0
[1944, 2584, 128, 128]
0
[2072, 2584, 128, 128]
0
[2200, 2584, 128, 128]
0
[2328, 2584, 128, 128]
0
[2456, 2584, 128, 128]
0
[2584, 2584, 128, 128]
0
[2712, 2584, 128, 128]
0
[-1000, 2712, 128, 128]
0
[-872, 2712, 128, 128]
0
[-744, 2712, 128, 128]
0
[-616, 2712, 128, 128]
0
[-488, 2712, 128, 128]
0
[-360, 2712, 128, 128]
0
[-232, 2712, 128, 128]
0
[-104, 2712, 128, 128]
0
[24, 2712, 128, 128]
0
[152, 2712, 128, 128]
0
[280, 2712, 128, 128]
0
[408, 2712, 128, 128]
0
[536, 2712, 128, 128]
0
[664, 2712, 128, 128]
0
[792, 2712, 128, 128]
0
[920, 2712, 128, 128]
0
[1048, 2712, 128, 128]
0
[1176, 2712, 128, 128]
0
[1304, 2712, 128, 128]
0
[1432, 2712, 128, 128]
0
[1560, 2712, 128, 128]
0
[1688, 2712, 128, 128]
0
[1816, 2712, 128, 128]
0
[1944, 2712, 128, 128]
0
[2072, 2712, 128, 128]
0
[2200, 2712, 128, 128]
0
[2328, 2712, 128, 128]
0
[2456, 2712, 128, 128]
0
[2584, 2712, 128, 128]
0
[2712, 2712, 128, 128]
0
